3037481 3037394 3037286
3037452 3037390 3037293
3037499 3037375 3037262
3037488 3037383 3037412
3037491 3037399 3037298
3037489 3037407 3037439
3037497 3037388 3037305
3037456 3037322 3037264
3037441 3037378 3037327
3037491 3037350 3037278
3037499 3037358 3037261
3037512 3037394 3037363
3037483 3037402 3037167
3037489 3037403 3037388
3037493 3037359 3037227
3037446 3037386 3037346
3037493 3037399 3037267
3037420 3037359 3037308
3037421 3037415 3037259
3037501 3037377 3037255
3037489 3037376 3037260
3037501 3037379 3037349
3037442 3037396 3037355
3037487 3037377 3037346
3037457 3037395 3037414
3037503 3037401 3037271
3037487 3037393 3037273
3037638 3037644 3037587
3037763 3037851 3037526
3037839 3037890 3037616
3037809 3037836 3037440
3037614 3037639 3037440
3037467 3037384 3037330
3037476 3037348 3037293
3037489 3037356 3037279
3037494 3037382 3037248
3037484 3037357 3037375
3037465 3037395 3037298
3037417 3037221 3037393
3037397 3036804 3037262
3039259 3039764 3038118
3040060 3040985 3037797
3038121 3037821 3035878
3037300 3036634 3035878
3037523 3037399 3037320
3037482 3037380 3037282
3037469 3037394 3037441
3037494 3037356 3037343
3037535 3037398 3037323
3037555 3037436 3037499
3037564 3037525 3037394
3037618 3037536 3037586
3037639 3037597 3037347
3037725 3037680 3037499
3037703 3037741 3037484
3037855 3037881 3037412
3037900 3037979 3037642
3038028 3038192 3037562
3038199 3038382 3037686
3038125 3038358 3037707
3038114 3038271 3037467
3037886 3037983 3037413
3037559 3037563 3037464
3037496 3037353 3037196
3037499 3037352 3037429
3037450 3037400 3037290
3037530 3037357 3037263
3037444 3037383 3037458
3037441 3037376 3037277
3037496 3037395 3037357
3037485 3037379 3037352
3037408 3037406 3037224
3037461 3037404 3037403
3037450 3037355 3037288
3037413 3037379 3037456
3037467 3037391 3037345
3037449 3037357 3037346
3037440 3037398 3037381
3037480 3037404 3037313
3037411 3037439 3037406
3037476 3037344 3037244
3037499 3037392 3037326
3037525 3037405 3037355
3037453 3037392 3037427
3037476 3037396 3037209
3037492 3037382 3037501
3037508 3037377 3037310
3037524 3037406 3037356
3037507 3037376 3037389
3037477 3037373 3037234
3037488 3037347 3037431
3037474 3037399 3037257
3037492 3037388 3037290
3037457 3037354 3037240
3037463 3037406 3037355
3037487 3037400 3037219
3037440 3037391 3037225
3037420 3037359 3037405
3037695 3037636 3037329
3037824 3037829 3037565
3037813 3037944 3037530
3037773 3037794 3037692
3037690 3037645 3037501
3037432 3037385 3037387
3037524 3037355 3037371
3037496 3037399 3037405
3037498 3037401 3037280
3037408 3037352 3037381
3037502 3037410 3037454
3037365 3037062 3037313
3037660 3037265 3037625
3039531 3040166 3038026
3040019 3040772 3037855
3038014 3037661 3035636
3037306 3036709 3036159
3037461 3037397 3037376
3037442 3037405 3037283
3037409 3037389 3037468
3037521 3037352 3037338
3037487 3037437 3037368
3037510 3037376 3037422
3037567 3037464 3037247
3037568 3037561 3037447
3037576 3037660 3037498
3037684 3037694 3037308
3037749 3037762 3037513
3037821 3037867 3037457
3037958 3038013 3037401
3038071 3038213 3037677
3038227 3038427 3037603
3038062 3038305 3037586
3038075 3038219 3037594
3037821 3037913 3037359
3037548 3037518 3037452
3037474 3037394 3037393
3037472 3037380 3037423
3037487 3037345 3037369
3037484 3037371 3037331
3037478 3037402 3037352
3037466 3037361 3037342
3037449 3037394 3037345
3037482 3037400 3037281
3037499 3037347 3037442
3037495 3037406 3037250
3037504 3037346 3037369
3037526 3037354 3037216
3037503 3037394 3037371
3037496 3037383 3037305
3037478 3037380 3037386
3037523 3037403 3037335
3037485 3037403 3037309
3037441 3037389 3037346
3037465 3037404 3037364
3037498 3037380 3037421
3037463 3037392 3037182
3037482 3037392 3037326
3037482 3037435 3037296
3037445 3037407 3037285
3037502 3037402 3037266
3037448 3037396 3037332
3037478 3037361 3037375
3037526 3037353 3038146
3037458 3037351 3037440
3037524 3037364 3037310
3037421 3037429 3037381
3037488 3037349 3037197
3037489 3037396 3037405
3037444 3037430 3037308
3037512 3037493 3037412
3037738 3037780 3037561
3037817 3037921 3037598
3037882 3037927 3037684
3037748 3037819 3037385
3037586 3037487 3037479
3037501 3037404 3037321
3037410 3037391 3037302
3037474 3037402 3037399
3037448 3037386 3037367
3037441 3037378 3037321
3037450 3037354 3037259
3037193 3036640 3037385
3038262 3038127 3037758
3039941 3040776 3038385
3039572 3040093 3037229
3037568 3036953 3035144
3037434 3037164 3037080
3037492 3037349 3037278
3037444 3037345 3037459
3037444 3037399 3037267
3037477 3037439 3037394
3037506 3037424 3037442
3037522 3037421 3037436
3037556 3037476 3037446
3037620 3037548 3037388
3037633 3037621 3037527
3037718 3037682 3037379
3037749 3037803 3037599
3037828 3037888 3037521
3037934 3038053 3037537
3038128 3038289 3037589
3038202 3038402 3037661
3038116 3038334 3037698
3038109 3038210 3037504
3037756 3037766 3037377
3037510 3037481 3037482
3037473 3037393 3037437
3037440 3037396 3037224
3037502 3037376 3037368
3037486 3037398 3037356
3037477 3037360 3037258
3037500 3037392 3037346
3037450 3037394 3037403
3037523 3037401 3037341
3037450 3037387 3037348
3037492 3037346 3037364
3037447 3037397 3037384
3037475 3037350 3037344
3037496 3037403 3037364
3037521 3037353 3037222
3037459 3037345 3037567
3037466 3037380 3037237
3037446 3037350 3037471
3037490 3037401 3037378
3037535 3037364 3037351
3037442 3037406 3037443
3037460 3037377 3037369
3037503 3037396 3037165
3037459 3037397 3037306
3037502 3037397 3037324
3037529 3037345 3037188
3037532 3037352 3037342
3037529 3037359 3037201
3037494 3037402 3037335
3037502 3037379 3037225
3037507 3037359 3037223
3037486 3037378 3037248
3037457 3037381 3037204
3037450 3037357 3037423
3037476 3037391 3037195
3037556 3037498 3037427
3037748 3037767 3037553
3037884 3037899 3037565
3037876 3037943 3037538
3037755 3037784 3037551
3037575 3037566 3037444
3037492 3037354 3037392
3037485 3037361 3037395
3037444 3037414 3037282
3037474 3037356 3037476
3037475 3037344 3037335
3037491 3037395 3037492
3037176 3036657 3037448
3038389 3038273 3037572
3040193 3041239 3038326
3039268 3039642 3036969
3037374 3036470 3034957
3037380 3037274 3037174
3037486 3037379 3037312
3037448 3037388 3037198
3037503 3037361 3037413
3037534 3037401 3037332
3037520 3037436 3037374
3037532 3037416 3037406
3037556 3037483 3037323
3037586 3037538 3037441
3037642 3037639 3037287
3037688 3037666 3037583
3037756 3037826 3037660
3037845 3037948 3037461
3037946 3038135 3037418
3038089 3038334 3037749
3038169 3038430 3037577
3038137 3038288 3037638
3038008 3038190 3037663
3037721 3037638 3037375
3037518 3037410 3037440
3037442 3037403 3037248
3037533 3037358 3037406
3037493 3037352 3037231
3037495 3037390 3037353
3037517 3037394 3037425
3037521 3037371 3037256
3037495 3037403 3037348
3037455 3037369 3037236
3037488 3037358 3037322
3037489 3037378 3037232
3037498 3037399 3037377
3037535 3037366 3037272
3037435 3037399 3037421
3037496 3037430 3037278
3037464 3037400 3037413
3037526 3037359 3037237
3037475 3037346 3037258
3037477 3037400 3037365
3037422 3037406 3037306
3037494 3037358 3037412
3037503 3037346 3037296
3037444 3037355 3037383
3037482 3037383 3037253
3037473 3037320 3037388