3040060 3040985 3037797
3038121 3037821 3035878
3037300 3036634 3035878
3037523 3037399 3037320
3037482 3037380 3037282
3037469 3037394 3037441
3037494 3037356 3037343
3037535 3037398 3037323
3037555 3037436 3037499
3037564 3037525 3037394
3037618 3037536 3037586
3037639 3037597 3037347
3037725 3037680 3037499
3037703 3037741 3037484
3037855 3037881 3037412
3037900 3037979 3037642
3038028 3038192 3037562
3038199 3038382 3037686
3038125 3038358 3037707
3038114 3038271 3037467
3037886 3037983 3037413
3037559 3037563 3037464
3037496 3037353 3037196
3037499 3037352 3037429
3037450 3037400 3037290
3037530 3037357 3037263
3037444 3037383 3037458
3037441 3037376 3037277
3037496 3037395 3037357
3037485 3037379 3037352
3037408 3037406 3037224
3037461 3037404 3037403
3037450 3037355 3037288
3037413 3037379 3037456
3037467 3037391 3037345
3037449 3037357 3037346
3037440 3037398 3037381
3037480 3037404 3037313
3037411 3037439 3037406
3037476 3037344 3037244
3037499 3037392 3037326
3037525 3037405 3037355
3037453 3037392 3037427
3037476 3037396 3037209
3037492 3037382 3037501
3037508 3037377 3037310
3037524 3037406 3037356
3037507 3037376 3037389
3037477 3037373 3037234
3037488 3037347 3037431
3037474 3037399 3037257
3037492 3037388 3037290
3037457 3037354 3037240
3037463 3037406 3037355
3037487 3037400 3037219
3037440 3037391 3037225
3037420 3037359 3037405
3037695 3037636 3037329
3037824 3037829 3037565
3037813 3037944 3037530
3037773 3037794 3037692
3037690 3037645 3037501
3037432 3037385 3037387
3037524 3037355 3037371
3037496 3037399 3037405
3037498 3037401 3037280
3037408 3037352 3037381
3037502 3037410 3037454
3037365 3037062 3037313
