3037481
3037452
3037499
3037488
3037491
3037489
3037497
3037456
3037441
3037491
3037499
3037512
3037483
3037489
3037493
3037446
3037493
3037420
3037421
3037501
3037489
3037501
3037442
3037487
3037457
3037503
3037487
3037638
3037763
3037839
3037809
3037614
3037467
3037476
3037489
3037494
3037484
3037465
3037417
3037397
3039259
3040060
3038121
3037300
3037523
3037482
3037469
3037494
3037535
3037555
3037564
3037618
3037639
3037725
3037703
3037855
3037900
3038028
3038199
3038125
3038114
3037886
3037559
3037496
3037499
3037450
3037530
3037444
3037441
3037496
3037485
3037408
3037461
3037450
3037413
3037467
3037449
3037440
3037480
3037411
3037476
3037499
3037525
3037453
3037476
3037492
3037508
3037524
3037507
3037477
3037488
3037474
3037492
3037457
3037463
3037487
3037440
3037420
3037695
3037824
3037813
3037773
3037690
3037432
3037524
3037496
3037498
3037408
3037502
3037365
3037660
3039531
3040019
3038014
3037306
3037461
3037442
3037409
3037521
3037487
3037510
3037567
3037568
3037576
3037684
3037749
3037821
3037958
3038071
3038227
3038062
3038075
3037821
3037548
3037474
3037472
3037487
3037484
3037478
3037466
3037449
3037482
3037499
3037495
3037504
3037526
3037503
3037496
3037478
3037523
3037485
3037441
3037465
3037498
3037463
3037482
3037482
3037445
3037502
3037448
